
DETjout_at_outer = [
    1    1    1    1    1    1    1    1    1    1 -3.00027E+17 0.00141 
];

