
DETjout_at_outer = [
    1    1    1    1    1    1    1    1    1    1 -2.99211E+17 0.00137 
];

