
DETjout_at_outer = [
    1    1    1    1    1    1    1    1    1    1 -2.98293E+17 0.00159 
];

