
DETjout_at_outer = [
    1    1    1    1    1    1    1    1    1    1 -2.99908E+17 0.00142 
];

