
DETjout_at_outer = [
    1    1    1    1    1    1    1    1    1    1 -2.98905E+17 0.00144 
];

