
DETjout_at_outer = [
    1    1    1    1    1    1    1    1    1    1 -2.99009E+17 0.00131 
];

