
DETjout_at_outer = [
    1    1    1    1    1    1    1    1    1    1 -2.98957E+17 0.00147 
];

